{
 "cells": [
  {
   "cell_type": "code",
   "execution_count": null,
   "metadata": {},
   "outputs": [],
   "source": [
    "from pymongo import MongoClient\n",
    "client = MongoClient(\"mongodb://10.120.37.108:27017\")\n",
    "db = client[\"statistic_data\"]\n",
    "pair_collection = db[\"pair\"]\n",
    "post_collection = client[\"project\"][\"posts\"]\n",
    "plitician_ids = post_collection.find({}).distinct(\"politician_id\").sort({\"politician_id\":1})"
   ]
  },
  {
   "cell_type": "code",
   "execution_count": 22,
   "metadata": {
    "scrolled": false
   },
   "outputs": [
    {
     "data": {
      "text/plain": [
       "['10150145806225128',\n",
       " '109391162488374',\n",
       " '118250504903757',\n",
       " '122936517768637',\n",
       " '136845026417486',\n",
       " '1380211668909443',\n",
       " '152472278103133',\n",
       " '153819538009272',\n",
       " '184799244894343',\n",
       " '191690867518507',\n",
       " '232716627404',\n",
       " '261813197541354',\n",
       " '333058400178329',\n",
       " '360151611020961',\n",
       " '365320250345879',\n",
       " '449664581882455',\n",
       " '46251501064',\n",
       " '600540963315152',\n",
       " '805460986214082',\n",
       " '852926604746233']"
      ]
     },
     "execution_count": 22,
     "metadata": {},
     "output_type": "execute_result"
    }
   ],
   "source": [
    "plitician_ids = sorted(plitician_ids)\n",
    "plitician_ids"
   ]
  },
  {
   "cell_type": "code",
   "execution_count": 10,
   "metadata": {
    "collapsed": true
   },
   "outputs": [],
   "source": [
    "# '朱立倫','盧秀燕','馬英九','陳其邁','柯文哲','姚文智','賴清德','林佳龍','蔡正元','江啟臣','陳菊','侯友宜','鄭文燦','李錫錕','林昶佐','黃國昌','蔡英文','丁守中','蔣萬安','洪慈庸'\n"
   ]
  },
  {
   "cell_type": "code",
   "execution_count": 47,
   "metadata": {
    "collapsed": true,
    "scrolled": true
   },
   "outputs": [],
   "source": [
    "matrix = []\n",
    "\n",
    "for i in plitician_ids:\n",
    "    temp = []\n",
    "    for j in plitician_ids:\n",
    "        li = sorted([i, j])\n",
    "        p = list(pair_collection.find({\"pair\": li}, {\"_id\":0}))\n",
    "        if p:\n",
    "            temp.append(p[0][\"numbers\"] )\n",
    "        else:\n",
    "            temp.append(0)\n",
    "    matrix.append(temp)   "
   ]
  },
  {
   "cell_type": "code",
   "execution_count": 48,
   "metadata": {
    "collapsed": true
   },
   "outputs": [],
   "source": [
    "import pandas as pd"
   ]
  },
  {
   "cell_type": "code",
   "execution_count": 50,
   "metadata": {
    "scrolled": false
   },
   "outputs": [],
   "source": [
    "df = pd.DataFrame(matrix,index=['朱立倫','盧秀燕','馬英九','陳其邁','柯文哲','姚文智','賴清德','林佳龍','蔡正元','江啟臣','陳菊','侯友宜','鄭文燦','李錫錕','林昶佐','黃國昌','蔡英文','丁守中','蔣萬安','洪慈庸'],columns=['朱立倫','盧秀燕','馬英九','陳其邁','柯文哲','姚文智','賴清德','林佳龍','蔡正元','江啟臣','陳菊','侯友宜','鄭文燦','李錫錕','林昶佐','黃國昌','蔡英文','丁守中','蔣萬安','洪慈庸'])"
   ]
  },
  {
   "cell_type": "code",
   "execution_count": 53,
   "metadata": {},
   "outputs": [],
   "source": [
    "df.to_csv(\"MDS.csv\", index=False, header=False)"
   ]
  },
  {
   "cell_type": "code",
   "execution_count": 51,
   "metadata": {},
   "outputs": [
    {
     "data": {
      "text/html": [
       "<div>\n",
       "<style>\n",
       "    .dataframe thead tr:only-child th {\n",
       "        text-align: right;\n",
       "    }\n",
       "\n",
       "    .dataframe thead th {\n",
       "        text-align: left;\n",
       "    }\n",
       "\n",
       "    .dataframe tbody tr th {\n",
       "        vertical-align: top;\n",
       "    }\n",
       "</style>\n",
       "<table border=\"1\" class=\"dataframe\">\n",
       "  <thead>\n",
       "    <tr style=\"text-align: right;\">\n",
       "      <th></th>\n",
       "      <th>朱立倫</th>\n",
       "      <th>盧秀燕</th>\n",
       "      <th>馬英九</th>\n",
       "      <th>陳其邁</th>\n",
       "      <th>柯文哲</th>\n",
       "      <th>姚文智</th>\n",
       "      <th>賴清德</th>\n",
       "      <th>林佳龍</th>\n",
       "      <th>蔡正元</th>\n",
       "      <th>江啟臣</th>\n",
       "      <th>陳菊</th>\n",
       "      <th>侯友宜</th>\n",
       "      <th>鄭文燦</th>\n",
       "      <th>李錫錕</th>\n",
       "      <th>林昶佐</th>\n",
       "      <th>黃國昌</th>\n",
       "      <th>蔡英文</th>\n",
       "      <th>丁守中</th>\n",
       "      <th>蔣萬安</th>\n",
       "      <th>洪慈庸</th>\n",
       "    </tr>\n",
       "  </thead>\n",
       "  <tbody>\n",
       "    <tr>\n",
       "      <th>朱立倫</th>\n",
       "      <td>0</td>\n",
       "      <td>352</td>\n",
       "      <td>2294</td>\n",
       "      <td>242</td>\n",
       "      <td>1704</td>\n",
       "      <td>67</td>\n",
       "      <td>633</td>\n",
       "      <td>1362</td>\n",
       "      <td>790</td>\n",
       "      <td>1194</td>\n",
       "      <td>370</td>\n",
       "      <td>1409</td>\n",
       "      <td>408</td>\n",
       "      <td>409</td>\n",
       "      <td>94</td>\n",
       "      <td>321</td>\n",
       "      <td>5011</td>\n",
       "      <td>575</td>\n",
       "      <td>1727</td>\n",
       "      <td>516</td>\n",
       "    </tr>\n",
       "    <tr>\n",
       "      <th>盧秀燕</th>\n",
       "      <td>352</td>\n",
       "      <td>0</td>\n",
       "      <td>283</td>\n",
       "      <td>67</td>\n",
       "      <td>179</td>\n",
       "      <td>19</td>\n",
       "      <td>115</td>\n",
       "      <td>333</td>\n",
       "      <td>195</td>\n",
       "      <td>612</td>\n",
       "      <td>57</td>\n",
       "      <td>202</td>\n",
       "      <td>47</td>\n",
       "      <td>73</td>\n",
       "      <td>14</td>\n",
       "      <td>68</td>\n",
       "      <td>315</td>\n",
       "      <td>162</td>\n",
       "      <td>350</td>\n",
       "      <td>81</td>\n",
       "    </tr>\n",
       "    <tr>\n",
       "      <th>馬英九</th>\n",
       "      <td>2294</td>\n",
       "      <td>283</td>\n",
       "      <td>0</td>\n",
       "      <td>185</td>\n",
       "      <td>1284</td>\n",
       "      <td>62</td>\n",
       "      <td>546</td>\n",
       "      <td>406</td>\n",
       "      <td>1254</td>\n",
       "      <td>1090</td>\n",
       "      <td>334</td>\n",
       "      <td>751</td>\n",
       "      <td>233</td>\n",
       "      <td>427</td>\n",
       "      <td>63</td>\n",
       "      <td>295</td>\n",
       "      <td>2741</td>\n",
       "      <td>476</td>\n",
       "      <td>1593</td>\n",
       "      <td>184</td>\n",
       "    </tr>\n",
       "    <tr>\n",
       "      <th>陳其邁</th>\n",
       "      <td>242</td>\n",
       "      <td>67</td>\n",
       "      <td>185</td>\n",
       "      <td>0</td>\n",
       "      <td>1878</td>\n",
       "      <td>341</td>\n",
       "      <td>1657</td>\n",
       "      <td>1149</td>\n",
       "      <td>121</td>\n",
       "      <td>131</td>\n",
       "      <td>954</td>\n",
       "      <td>106</td>\n",
       "      <td>599</td>\n",
       "      <td>178</td>\n",
       "      <td>510</td>\n",
       "      <td>877</td>\n",
       "      <td>2983</td>\n",
       "      <td>112</td>\n",
       "      <td>208</td>\n",
       "      <td>669</td>\n",
       "    </tr>\n",
       "    <tr>\n",
       "      <th>柯文哲</th>\n",
       "      <td>1704</td>\n",
       "      <td>179</td>\n",
       "      <td>1284</td>\n",
       "      <td>1878</td>\n",
       "      <td>0</td>\n",
       "      <td>470</td>\n",
       "      <td>4003</td>\n",
       "      <td>2654</td>\n",
       "      <td>482</td>\n",
       "      <td>426</td>\n",
       "      <td>1930</td>\n",
       "      <td>478</td>\n",
       "      <td>1367</td>\n",
       "      <td>2506</td>\n",
       "      <td>1304</td>\n",
       "      <td>2802</td>\n",
       "      <td>10181</td>\n",
       "      <td>478</td>\n",
       "      <td>743</td>\n",
       "      <td>1692</td>\n",
       "    </tr>\n",
       "    <tr>\n",
       "      <th>姚文智</th>\n",
       "      <td>67</td>\n",
       "      <td>19</td>\n",
       "      <td>62</td>\n",
       "      <td>341</td>\n",
       "      <td>470</td>\n",
       "      <td>0</td>\n",
       "      <td>288</td>\n",
       "      <td>207</td>\n",
       "      <td>27</td>\n",
       "      <td>38</td>\n",
       "      <td>133</td>\n",
       "      <td>48</td>\n",
       "      <td>131</td>\n",
       "      <td>46</td>\n",
       "      <td>116</td>\n",
       "      <td>183</td>\n",
       "      <td>496</td>\n",
       "      <td>68</td>\n",
       "      <td>55</td>\n",
       "      <td>131</td>\n",
       "    </tr>\n",
       "    <tr>\n",
       "      <th>賴清德</th>\n",
       "      <td>633</td>\n",
       "      <td>115</td>\n",
       "      <td>546</td>\n",
       "      <td>1657</td>\n",
       "      <td>4003</td>\n",
       "      <td>288</td>\n",
       "      <td>0</td>\n",
       "      <td>1762</td>\n",
       "      <td>242</td>\n",
       "      <td>238</td>\n",
       "      <td>1624</td>\n",
       "      <td>228</td>\n",
       "      <td>849</td>\n",
       "      <td>495</td>\n",
       "      <td>604</td>\n",
       "      <td>1270</td>\n",
       "      <td>6188</td>\n",
       "      <td>201</td>\n",
       "      <td>499</td>\n",
       "      <td>1043</td>\n",
       "    </tr>\n",
       "    <tr>\n",
       "      <th>林佳龍</th>\n",
       "      <td>1362</td>\n",
       "      <td>333</td>\n",
       "      <td>406</td>\n",
       "      <td>1149</td>\n",
       "      <td>2654</td>\n",
       "      <td>207</td>\n",
       "      <td>1762</td>\n",
       "      <td>0</td>\n",
       "      <td>189</td>\n",
       "      <td>757</td>\n",
       "      <td>913</td>\n",
       "      <td>224</td>\n",
       "      <td>652</td>\n",
       "      <td>492</td>\n",
       "      <td>343</td>\n",
       "      <td>726</td>\n",
       "      <td>5981</td>\n",
       "      <td>167</td>\n",
       "      <td>257</td>\n",
       "      <td>1091</td>\n",
       "    </tr>\n",
       "    <tr>\n",
       "      <th>蔡正元</th>\n",
       "      <td>790</td>\n",
       "      <td>195</td>\n",
       "      <td>1254</td>\n",
       "      <td>121</td>\n",
       "      <td>482</td>\n",
       "      <td>27</td>\n",
       "      <td>242</td>\n",
       "      <td>189</td>\n",
       "      <td>0</td>\n",
       "      <td>879</td>\n",
       "      <td>133</td>\n",
       "      <td>456</td>\n",
       "      <td>88</td>\n",
       "      <td>248</td>\n",
       "      <td>24</td>\n",
       "      <td>195</td>\n",
       "      <td>1380</td>\n",
       "      <td>427</td>\n",
       "      <td>1026</td>\n",
       "      <td>101</td>\n",
       "    </tr>\n",
       "    <tr>\n",
       "      <th>江啟臣</th>\n",
       "      <td>1194</td>\n",
       "      <td>612</td>\n",
       "      <td>1090</td>\n",
       "      <td>131</td>\n",
       "      <td>426</td>\n",
       "      <td>38</td>\n",
       "      <td>238</td>\n",
       "      <td>757</td>\n",
       "      <td>879</td>\n",
       "      <td>0</td>\n",
       "      <td>121</td>\n",
       "      <td>655</td>\n",
       "      <td>95</td>\n",
       "      <td>136</td>\n",
       "      <td>32</td>\n",
       "      <td>136</td>\n",
       "      <td>834</td>\n",
       "      <td>428</td>\n",
       "      <td>1307</td>\n",
       "      <td>150</td>\n",
       "    </tr>\n",
       "    <tr>\n",
       "      <th>陳菊</th>\n",
       "      <td>370</td>\n",
       "      <td>57</td>\n",
       "      <td>334</td>\n",
       "      <td>954</td>\n",
       "      <td>1930</td>\n",
       "      <td>133</td>\n",
       "      <td>1624</td>\n",
       "      <td>913</td>\n",
       "      <td>133</td>\n",
       "      <td>121</td>\n",
       "      <td>0</td>\n",
       "      <td>130</td>\n",
       "      <td>431</td>\n",
       "      <td>291</td>\n",
       "      <td>255</td>\n",
       "      <td>498</td>\n",
       "      <td>2830</td>\n",
       "      <td>96</td>\n",
       "      <td>215</td>\n",
       "      <td>430</td>\n",
       "    </tr>\n",
       "    <tr>\n",
       "      <th>侯友宜</th>\n",
       "      <td>1409</td>\n",
       "      <td>202</td>\n",
       "      <td>751</td>\n",
       "      <td>106</td>\n",
       "      <td>478</td>\n",
       "      <td>48</td>\n",
       "      <td>228</td>\n",
       "      <td>224</td>\n",
       "      <td>456</td>\n",
       "      <td>655</td>\n",
       "      <td>130</td>\n",
       "      <td>0</td>\n",
       "      <td>158</td>\n",
       "      <td>128</td>\n",
       "      <td>40</td>\n",
       "      <td>99</td>\n",
       "      <td>553</td>\n",
       "      <td>347</td>\n",
       "      <td>794</td>\n",
       "      <td>84</td>\n",
       "    </tr>\n",
       "    <tr>\n",
       "      <th>鄭文燦</th>\n",
       "      <td>408</td>\n",
       "      <td>47</td>\n",
       "      <td>233</td>\n",
       "      <td>599</td>\n",
       "      <td>1367</td>\n",
       "      <td>131</td>\n",
       "      <td>849</td>\n",
       "      <td>652</td>\n",
       "      <td>88</td>\n",
       "      <td>95</td>\n",
       "      <td>431</td>\n",
       "      <td>158</td>\n",
       "      <td>0</td>\n",
       "      <td>155</td>\n",
       "      <td>193</td>\n",
       "      <td>351</td>\n",
       "      <td>1772</td>\n",
       "      <td>86</td>\n",
       "      <td>157</td>\n",
       "      <td>309</td>\n",
       "    </tr>\n",
       "    <tr>\n",
       "      <th>李錫錕</th>\n",
       "      <td>409</td>\n",
       "      <td>73</td>\n",
       "      <td>427</td>\n",
       "      <td>178</td>\n",
       "      <td>2506</td>\n",
       "      <td>46</td>\n",
       "      <td>495</td>\n",
       "      <td>492</td>\n",
       "      <td>248</td>\n",
       "      <td>136</td>\n",
       "      <td>291</td>\n",
       "      <td>128</td>\n",
       "      <td>155</td>\n",
       "      <td>0</td>\n",
       "      <td>146</td>\n",
       "      <td>532</td>\n",
       "      <td>1646</td>\n",
       "      <td>141</td>\n",
       "      <td>198</td>\n",
       "      <td>270</td>\n",
       "    </tr>\n",
       "    <tr>\n",
       "      <th>林昶佐</th>\n",
       "      <td>94</td>\n",
       "      <td>14</td>\n",
       "      <td>63</td>\n",
       "      <td>510</td>\n",
       "      <td>1304</td>\n",
       "      <td>116</td>\n",
       "      <td>604</td>\n",
       "      <td>343</td>\n",
       "      <td>24</td>\n",
       "      <td>32</td>\n",
       "      <td>255</td>\n",
       "      <td>40</td>\n",
       "      <td>193</td>\n",
       "      <td>146</td>\n",
       "      <td>0</td>\n",
       "      <td>647</td>\n",
       "      <td>1140</td>\n",
       "      <td>52</td>\n",
       "      <td>80</td>\n",
       "      <td>507</td>\n",
       "    </tr>\n",
       "    <tr>\n",
       "      <th>黃國昌</th>\n",
       "      <td>321</td>\n",
       "      <td>68</td>\n",
       "      <td>295</td>\n",
       "      <td>877</td>\n",
       "      <td>2802</td>\n",
       "      <td>183</td>\n",
       "      <td>1270</td>\n",
       "      <td>726</td>\n",
       "      <td>195</td>\n",
       "      <td>136</td>\n",
       "      <td>498</td>\n",
       "      <td>99</td>\n",
       "      <td>351</td>\n",
       "      <td>532</td>\n",
       "      <td>647</td>\n",
       "      <td>0</td>\n",
       "      <td>2678</td>\n",
       "      <td>115</td>\n",
       "      <td>268</td>\n",
       "      <td>903</td>\n",
       "    </tr>\n",
       "    <tr>\n",
       "      <th>蔡英文</th>\n",
       "      <td>5011</td>\n",
       "      <td>315</td>\n",
       "      <td>2741</td>\n",
       "      <td>2983</td>\n",
       "      <td>10181</td>\n",
       "      <td>496</td>\n",
       "      <td>6188</td>\n",
       "      <td>5981</td>\n",
       "      <td>1380</td>\n",
       "      <td>834</td>\n",
       "      <td>2830</td>\n",
       "      <td>553</td>\n",
       "      <td>1772</td>\n",
       "      <td>1646</td>\n",
       "      <td>1140</td>\n",
       "      <td>2678</td>\n",
       "      <td>0</td>\n",
       "      <td>540</td>\n",
       "      <td>1231</td>\n",
       "      <td>2430</td>\n",
       "    </tr>\n",
       "    <tr>\n",
       "      <th>丁守中</th>\n",
       "      <td>575</td>\n",
       "      <td>162</td>\n",
       "      <td>476</td>\n",
       "      <td>112</td>\n",
       "      <td>478</td>\n",
       "      <td>68</td>\n",
       "      <td>201</td>\n",
       "      <td>167</td>\n",
       "      <td>427</td>\n",
       "      <td>428</td>\n",
       "      <td>96</td>\n",
       "      <td>347</td>\n",
       "      <td>86</td>\n",
       "      <td>141</td>\n",
       "      <td>52</td>\n",
       "      <td>115</td>\n",
       "      <td>540</td>\n",
       "      <td>0</td>\n",
       "      <td>527</td>\n",
       "      <td>78</td>\n",
       "    </tr>\n",
       "    <tr>\n",
       "      <th>蔣萬安</th>\n",
       "      <td>1727</td>\n",
       "      <td>350</td>\n",
       "      <td>1593</td>\n",
       "      <td>208</td>\n",
       "      <td>743</td>\n",
       "      <td>55</td>\n",
       "      <td>499</td>\n",
       "      <td>257</td>\n",
       "      <td>1026</td>\n",
       "      <td>1307</td>\n",
       "      <td>215</td>\n",
       "      <td>794</td>\n",
       "      <td>157</td>\n",
       "      <td>198</td>\n",
       "      <td>80</td>\n",
       "      <td>268</td>\n",
       "      <td>1231</td>\n",
       "      <td>527</td>\n",
       "      <td>0</td>\n",
       "      <td>195</td>\n",
       "    </tr>\n",
       "    <tr>\n",
       "      <th>洪慈庸</th>\n",
       "      <td>516</td>\n",
       "      <td>81</td>\n",
       "      <td>184</td>\n",
       "      <td>669</td>\n",
       "      <td>1692</td>\n",
       "      <td>131</td>\n",
       "      <td>1043</td>\n",
       "      <td>1091</td>\n",
       "      <td>101</td>\n",
       "      <td>150</td>\n",
       "      <td>430</td>\n",
       "      <td>84</td>\n",
       "      <td>309</td>\n",
       "      <td>270</td>\n",
       "      <td>507</td>\n",
       "      <td>903</td>\n",
       "      <td>2430</td>\n",
       "      <td>78</td>\n",
       "      <td>195</td>\n",
       "      <td>0</td>\n",
       "    </tr>\n",
       "  </tbody>\n",
       "</table>\n",
       "</div>"
      ],
      "text/plain": [
       "      朱立倫  盧秀燕   馬英九   陳其邁    柯文哲  姚文智   賴清德   林佳龍   蔡正元   江啟臣    陳菊   侯友宜  \\\n",
       "朱立倫     0  352  2294   242   1704   67   633  1362   790  1194   370  1409   \n",
       "盧秀燕   352    0   283    67    179   19   115   333   195   612    57   202   \n",
       "馬英九  2294  283     0   185   1284   62   546   406  1254  1090   334   751   \n",
       "陳其邁   242   67   185     0   1878  341  1657  1149   121   131   954   106   \n",
       "柯文哲  1704  179  1284  1878      0  470  4003  2654   482   426  1930   478   \n",
       "姚文智    67   19    62   341    470    0   288   207    27    38   133    48   \n",
       "賴清德   633  115   546  1657   4003  288     0  1762   242   238  1624   228   \n",
       "林佳龍  1362  333   406  1149   2654  207  1762     0   189   757   913   224   \n",
       "蔡正元   790  195  1254   121    482   27   242   189     0   879   133   456   \n",
       "江啟臣  1194  612  1090   131    426   38   238   757   879     0   121   655   \n",
       "陳菊    370   57   334   954   1930  133  1624   913   133   121     0   130   \n",
       "侯友宜  1409  202   751   106    478   48   228   224   456   655   130     0   \n",
       "鄭文燦   408   47   233   599   1367  131   849   652    88    95   431   158   \n",
       "李錫錕   409   73   427   178   2506   46   495   492   248   136   291   128   \n",
       "林昶佐    94   14    63   510   1304  116   604   343    24    32   255    40   \n",
       "黃國昌   321   68   295   877   2802  183  1270   726   195   136   498    99   \n",
       "蔡英文  5011  315  2741  2983  10181  496  6188  5981  1380   834  2830   553   \n",
       "丁守中   575  162   476   112    478   68   201   167   427   428    96   347   \n",
       "蔣萬安  1727  350  1593   208    743   55   499   257  1026  1307   215   794   \n",
       "洪慈庸   516   81   184   669   1692  131  1043  1091   101   150   430    84   \n",
       "\n",
       "      鄭文燦   李錫錕   林昶佐   黃國昌    蔡英文  丁守中   蔣萬安   洪慈庸  \n",
       "朱立倫   408   409    94   321   5011  575  1727   516  \n",
       "盧秀燕    47    73    14    68    315  162   350    81  \n",
       "馬英九   233   427    63   295   2741  476  1593   184  \n",
       "陳其邁   599   178   510   877   2983  112   208   669  \n",
       "柯文哲  1367  2506  1304  2802  10181  478   743  1692  \n",
       "姚文智   131    46   116   183    496   68    55   131  \n",
       "賴清德   849   495   604  1270   6188  201   499  1043  \n",
       "林佳龍   652   492   343   726   5981  167   257  1091  \n",
       "蔡正元    88   248    24   195   1380  427  1026   101  \n",
       "江啟臣    95   136    32   136    834  428  1307   150  \n",
       "陳菊    431   291   255   498   2830   96   215   430  \n",
       "侯友宜   158   128    40    99    553  347   794    84  \n",
       "鄭文燦     0   155   193   351   1772   86   157   309  \n",
       "李錫錕   155     0   146   532   1646  141   198   270  \n",
       "林昶佐   193   146     0   647   1140   52    80   507  \n",
       "黃國昌   351   532   647     0   2678  115   268   903  \n",
       "蔡英文  1772  1646  1140  2678      0  540  1231  2430  \n",
       "丁守中    86   141    52   115    540    0   527    78  \n",
       "蔣萬安   157   198    80   268   1231  527     0   195  \n",
       "洪慈庸   309   270   507   903   2430   78   195     0  "
      ]
     },
     "execution_count": 51,
     "metadata": {},
     "output_type": "execute_result"
    }
   ],
   "source": [
    "df"
   ]
  },
  {
   "cell_type": "code",
   "execution_count": 77,
   "metadata": {
    "collapsed": true
   },
   "outputs": [],
   "source": [
    "from pymongo import MongoClient\n",
    "client = MongoClient(\"mongodb://10.120.37.108:27017\")\n",
    "db = client[\"fb_cleaned\"]\n",
    "pair_reactions = db[\"pair_reactions\"]\n",
    "plitician_ids = post_collection.find({}).distinct(\"politician_id\")"
   ]
  },
  {
   "cell_type": "code",
   "execution_count": 78,
   "metadata": {},
   "outputs": [
    {
     "data": {
      "text/plain": [
       "['10150145806225128',\n",
       " '109391162488374',\n",
       " '118250504903757',\n",
       " '122936517768637',\n",
       " '136845026417486',\n",
       " '1380211668909443',\n",
       " '152472278103133',\n",
       " '153819538009272',\n",
       " '184799244894343',\n",
       " '191690867518507',\n",
       " '232716627404',\n",
       " '261813197541354',\n",
       " '333058400178329',\n",
       " '360151611020961',\n",
       " '365320250345879',\n",
       " '449664581882455',\n",
       " '46251501064',\n",
       " '600540963315152',\n",
       " '805460986214082',\n",
       " '852926604746233']"
      ]
     },
     "execution_count": 78,
     "metadata": {},
     "output_type": "execute_result"
    }
   ],
   "source": [
    "plitician_ids"
   ]
  },
  {
   "cell_type": "code",
   "execution_count": 86,
   "metadata": {
    "collapsed": true
   },
   "outputs": [],
   "source": [
    "pairs = list(pair_reactions.find({}, {\"_id\":0}))"
   ]
  },
  {
   "cell_type": "code",
   "execution_count": null,
   "metadata": {},
   "outputs": [],
   "source": [
    "matrix_ractions = []\n",
    "\n",
    "for i in plitician_ids:\n",
    "    temp = []\n",
    "    for j in plitician_ids:\n",
    "        li = sorted([i, j])\n",
    "        p = list(pair_reactions.find({\"pair\": li}, {\"_id\":0}))\n",
    "        if p:\n",
    "            temp.append(p[0][\"numbers\"] )\n",
    "        else:\n",
    "            temp.append(0)\n",
    "    matrix_ractions.append(temp)  \n",
    "matrix_ractions"
   ]
  },
  {
   "cell_type": "code",
   "execution_count": 84,
   "metadata": {},
   "outputs": [
    {
     "data": {
      "text/html": [
       "<div>\n",
       "<style>\n",
       "    .dataframe thead tr:only-child th {\n",
       "        text-align: right;\n",
       "    }\n",
       "\n",
       "    .dataframe thead th {\n",
       "        text-align: left;\n",
       "    }\n",
       "\n",
       "    .dataframe tbody tr th {\n",
       "        vertical-align: top;\n",
       "    }\n",
       "</style>\n",
       "<table border=\"1\" class=\"dataframe\">\n",
       "  <thead>\n",
       "    <tr style=\"text-align: right;\">\n",
       "      <th></th>\n",
       "      <th>朱立倫</th>\n",
       "      <th>盧秀燕</th>\n",
       "      <th>馬英九</th>\n",
       "      <th>陳其邁</th>\n",
       "      <th>柯文哲</th>\n",
       "      <th>姚文智</th>\n",
       "      <th>賴清德</th>\n",
       "      <th>林佳龍</th>\n",
       "      <th>蔡正元</th>\n",
       "      <th>江啟臣</th>\n",
       "      <th>陳菊</th>\n",
       "      <th>侯友宜</th>\n",
       "      <th>鄭文燦</th>\n",
       "      <th>李錫錕</th>\n",
       "      <th>林昶佐</th>\n",
       "      <th>黃國昌</th>\n",
       "      <th>蔡英文</th>\n",
       "      <th>丁守中</th>\n",
       "      <th>蔣萬安</th>\n",
       "      <th>洪慈庸</th>\n",
       "    </tr>\n",
       "  </thead>\n",
       "  <tbody>\n",
       "    <tr>\n",
       "      <th>朱立倫</th>\n",
       "      <td>0</td>\n",
       "      <td>7604</td>\n",
       "      <td>67228</td>\n",
       "      <td>5237</td>\n",
       "      <td>43386</td>\n",
       "      <td>1077</td>\n",
       "      <td>12674</td>\n",
       "      <td>13278</td>\n",
       "      <td>34203</td>\n",
       "      <td>26336</td>\n",
       "      <td>11056</td>\n",
       "      <td>35990</td>\n",
       "      <td>11801</td>\n",
       "      <td>17578</td>\n",
       "      <td>2849</td>\n",
       "      <td>3065</td>\n",
       "      <td>33880</td>\n",
       "      <td>13787</td>\n",
       "      <td>37663</td>\n",
       "      <td>4987</td>\n",
       "    </tr>\n",
       "    <tr>\n",
       "      <th>盧秀燕</th>\n",
       "      <td>7604</td>\n",
       "      <td>0</td>\n",
       "      <td>5679</td>\n",
       "      <td>692</td>\n",
       "      <td>2808</td>\n",
       "      <td>197</td>\n",
       "      <td>1058</td>\n",
       "      <td>3059</td>\n",
       "      <td>5376</td>\n",
       "      <td>8844</td>\n",
       "      <td>714</td>\n",
       "      <td>5013</td>\n",
       "      <td>835</td>\n",
       "      <td>2262</td>\n",
       "      <td>229</td>\n",
       "      <td>397</td>\n",
       "      <td>2673</td>\n",
       "      <td>2391</td>\n",
       "      <td>5518</td>\n",
       "      <td>665</td>\n",
       "    </tr>\n",
       "    <tr>\n",
       "      <th>馬英九</th>\n",
       "      <td>67228</td>\n",
       "      <td>5679</td>\n",
       "      <td>0</td>\n",
       "      <td>2932</td>\n",
       "      <td>62587</td>\n",
       "      <td>525</td>\n",
       "      <td>11945</td>\n",
       "      <td>8748</td>\n",
       "      <td>35516</td>\n",
       "      <td>19321</td>\n",
       "      <td>11207</td>\n",
       "      <td>22614</td>\n",
       "      <td>8289</td>\n",
       "      <td>29777</td>\n",
       "      <td>2583</td>\n",
       "      <td>3296</td>\n",
       "      <td>34271</td>\n",
       "      <td>9849</td>\n",
       "      <td>30105</td>\n",
       "      <td>3417</td>\n",
       "    </tr>\n",
       "    <tr>\n",
       "      <th>陳其邁</th>\n",
       "      <td>5237</td>\n",
       "      <td>692</td>\n",
       "      <td>2932</td>\n",
       "      <td>0</td>\n",
       "      <td>32761</td>\n",
       "      <td>5597</td>\n",
       "      <td>30717</td>\n",
       "      <td>25844</td>\n",
       "      <td>2791</td>\n",
       "      <td>2006</td>\n",
       "      <td>29813</td>\n",
       "      <td>2476</td>\n",
       "      <td>16790</td>\n",
       "      <td>6343</td>\n",
       "      <td>14112</td>\n",
       "      <td>11253</td>\n",
       "      <td>49429</td>\n",
       "      <td>1242</td>\n",
       "      <td>2164</td>\n",
       "      <td>14743</td>\n",
       "    </tr>\n",
       "    <tr>\n",
       "      <th>柯文哲</th>\n",
       "      <td>43386</td>\n",
       "      <td>2808</td>\n",
       "      <td>62587</td>\n",
       "      <td>32761</td>\n",
       "      <td>0</td>\n",
       "      <td>5833</td>\n",
       "      <td>130692</td>\n",
       "      <td>72179</td>\n",
       "      <td>14624</td>\n",
       "      <td>8248</td>\n",
       "      <td>118688</td>\n",
       "      <td>15427</td>\n",
       "      <td>52460</td>\n",
       "      <td>155673</td>\n",
       "      <td>57018</td>\n",
       "      <td>66432</td>\n",
       "      <td>315544</td>\n",
       "      <td>6759</td>\n",
       "      <td>11917</td>\n",
       "      <td>53880</td>\n",
       "    </tr>\n",
       "    <tr>\n",
       "      <th>姚文智</th>\n",
       "      <td>1077</td>\n",
       "      <td>197</td>\n",
       "      <td>525</td>\n",
       "      <td>5597</td>\n",
       "      <td>5833</td>\n",
       "      <td>0</td>\n",
       "      <td>5203</td>\n",
       "      <td>5545</td>\n",
       "      <td>604</td>\n",
       "      <td>490</td>\n",
       "      <td>4399</td>\n",
       "      <td>623</td>\n",
       "      <td>4532</td>\n",
       "      <td>1115</td>\n",
       "      <td>3098</td>\n",
       "      <td>2355</td>\n",
       "      <td>8375</td>\n",
       "      <td>649</td>\n",
       "      <td>617</td>\n",
       "      <td>3193</td>\n",
       "    </tr>\n",
       "    <tr>\n",
       "      <th>賴清德</th>\n",
       "      <td>12674</td>\n",
       "      <td>1058</td>\n",
       "      <td>11945</td>\n",
       "      <td>30717</td>\n",
       "      <td>130692</td>\n",
       "      <td>5203</td>\n",
       "      <td>0</td>\n",
       "      <td>49538</td>\n",
       "      <td>4549</td>\n",
       "      <td>2876</td>\n",
       "      <td>75973</td>\n",
       "      <td>5069</td>\n",
       "      <td>27735</td>\n",
       "      <td>25222</td>\n",
       "      <td>23848</td>\n",
       "      <td>19364</td>\n",
       "      <td>134287</td>\n",
       "      <td>1925</td>\n",
       "      <td>3921</td>\n",
       "      <td>27116</td>\n",
       "    </tr>\n",
       "    <tr>\n",
       "      <th>林佳龍</th>\n",
       "      <td>13278</td>\n",
       "      <td>3059</td>\n",
       "      <td>8748</td>\n",
       "      <td>25844</td>\n",
       "      <td>72179</td>\n",
       "      <td>5545</td>\n",
       "      <td>49538</td>\n",
       "      <td>0</td>\n",
       "      <td>4470</td>\n",
       "      <td>8547</td>\n",
       "      <td>45016</td>\n",
       "      <td>4729</td>\n",
       "      <td>25215</td>\n",
       "      <td>13696</td>\n",
       "      <td>14933</td>\n",
       "      <td>11104</td>\n",
       "      <td>93269</td>\n",
       "      <td>2110</td>\n",
       "      <td>3634</td>\n",
       "      <td>22013</td>\n",
       "    </tr>\n",
       "    <tr>\n",
       "      <th>蔡正元</th>\n",
       "      <td>34203</td>\n",
       "      <td>5376</td>\n",
       "      <td>35516</td>\n",
       "      <td>2791</td>\n",
       "      <td>14624</td>\n",
       "      <td>604</td>\n",
       "      <td>4549</td>\n",
       "      <td>4470</td>\n",
       "      <td>0</td>\n",
       "      <td>20164</td>\n",
       "      <td>3506</td>\n",
       "      <td>17220</td>\n",
       "      <td>3404</td>\n",
       "      <td>14221</td>\n",
       "      <td>1346</td>\n",
       "      <td>1734</td>\n",
       "      <td>13456</td>\n",
       "      <td>9729</td>\n",
       "      <td>26305</td>\n",
       "      <td>1880</td>\n",
       "    </tr>\n",
       "    <tr>\n",
       "      <th>江啟臣</th>\n",
       "      <td>26336</td>\n",
       "      <td>8844</td>\n",
       "      <td>19321</td>\n",
       "      <td>2006</td>\n",
       "      <td>8248</td>\n",
       "      <td>490</td>\n",
       "      <td>2876</td>\n",
       "      <td>8547</td>\n",
       "      <td>20164</td>\n",
       "      <td>0</td>\n",
       "      <td>2157</td>\n",
       "      <td>14535</td>\n",
       "      <td>2153</td>\n",
       "      <td>6116</td>\n",
       "      <td>647</td>\n",
       "      <td>886</td>\n",
       "      <td>7667</td>\n",
       "      <td>6627</td>\n",
       "      <td>20336</td>\n",
       "      <td>1754</td>\n",
       "    </tr>\n",
       "    <tr>\n",
       "      <th>陳菊</th>\n",
       "      <td>11056</td>\n",
       "      <td>714</td>\n",
       "      <td>11207</td>\n",
       "      <td>29813</td>\n",
       "      <td>118688</td>\n",
       "      <td>4399</td>\n",
       "      <td>75973</td>\n",
       "      <td>45016</td>\n",
       "      <td>3506</td>\n",
       "      <td>2157</td>\n",
       "      <td>0</td>\n",
       "      <td>3710</td>\n",
       "      <td>23137</td>\n",
       "      <td>22314</td>\n",
       "      <td>19188</td>\n",
       "      <td>13607</td>\n",
       "      <td>124554</td>\n",
       "      <td>1439</td>\n",
       "      <td>3026</td>\n",
       "      <td>21954</td>\n",
       "    </tr>\n",
       "    <tr>\n",
       "      <th>侯友宜</th>\n",
       "      <td>35990</td>\n",
       "      <td>5013</td>\n",
       "      <td>22614</td>\n",
       "      <td>2476</td>\n",
       "      <td>15427</td>\n",
       "      <td>623</td>\n",
       "      <td>5069</td>\n",
       "      <td>4729</td>\n",
       "      <td>17220</td>\n",
       "      <td>14535</td>\n",
       "      <td>3710</td>\n",
       "      <td>0</td>\n",
       "      <td>4523</td>\n",
       "      <td>8608</td>\n",
       "      <td>1036</td>\n",
       "      <td>1297</td>\n",
       "      <td>11456</td>\n",
       "      <td>8789</td>\n",
       "      <td>18901</td>\n",
       "      <td>1704</td>\n",
       "    </tr>\n",
       "    <tr>\n",
       "      <th>鄭文燦</th>\n",
       "      <td>11801</td>\n",
       "      <td>835</td>\n",
       "      <td>8289</td>\n",
       "      <td>16790</td>\n",
       "      <td>52460</td>\n",
       "      <td>4532</td>\n",
       "      <td>27735</td>\n",
       "      <td>25215</td>\n",
       "      <td>3404</td>\n",
       "      <td>2153</td>\n",
       "      <td>23137</td>\n",
       "      <td>4523</td>\n",
       "      <td>0</td>\n",
       "      <td>10646</td>\n",
       "      <td>10401</td>\n",
       "      <td>8071</td>\n",
       "      <td>53108</td>\n",
       "      <td>2106</td>\n",
       "      <td>2950</td>\n",
       "      <td>12004</td>\n",
       "    </tr>\n",
       "    <tr>\n",
       "      <th>李錫錕</th>\n",
       "      <td>17578</td>\n",
       "      <td>2262</td>\n",
       "      <td>29777</td>\n",
       "      <td>6343</td>\n",
       "      <td>155673</td>\n",
       "      <td>1115</td>\n",
       "      <td>25222</td>\n",
       "      <td>13696</td>\n",
       "      <td>14221</td>\n",
       "      <td>6116</td>\n",
       "      <td>22314</td>\n",
       "      <td>8608</td>\n",
       "      <td>10646</td>\n",
       "      <td>0</td>\n",
       "      <td>12739</td>\n",
       "      <td>19958</td>\n",
       "      <td>59619</td>\n",
       "      <td>4102</td>\n",
       "      <td>7894</td>\n",
       "      <td>12366</td>\n",
       "    </tr>\n",
       "    <tr>\n",
       "      <th>林昶佐</th>\n",
       "      <td>2849</td>\n",
       "      <td>229</td>\n",
       "      <td>2583</td>\n",
       "      <td>14112</td>\n",
       "      <td>57018</td>\n",
       "      <td>3098</td>\n",
       "      <td>23848</td>\n",
       "      <td>14933</td>\n",
       "      <td>1346</td>\n",
       "      <td>647</td>\n",
       "      <td>19188</td>\n",
       "      <td>1036</td>\n",
       "      <td>10401</td>\n",
       "      <td>12739</td>\n",
       "      <td>0</td>\n",
       "      <td>22821</td>\n",
       "      <td>45840</td>\n",
       "      <td>794</td>\n",
       "      <td>1518</td>\n",
       "      <td>23188</td>\n",
       "    </tr>\n",
       "    <tr>\n",
       "      <th>黃國昌</th>\n",
       "      <td>3065</td>\n",
       "      <td>397</td>\n",
       "      <td>3296</td>\n",
       "      <td>11253</td>\n",
       "      <td>66432</td>\n",
       "      <td>2355</td>\n",
       "      <td>19364</td>\n",
       "      <td>11104</td>\n",
       "      <td>1734</td>\n",
       "      <td>886</td>\n",
       "      <td>13607</td>\n",
       "      <td>1297</td>\n",
       "      <td>8071</td>\n",
       "      <td>19958</td>\n",
       "      <td>22821</td>\n",
       "      <td>0</td>\n",
       "      <td>40007</td>\n",
       "      <td>895</td>\n",
       "      <td>1960</td>\n",
       "      <td>20469</td>\n",
       "    </tr>\n",
       "    <tr>\n",
       "      <th>蔡英文</th>\n",
       "      <td>33880</td>\n",
       "      <td>2673</td>\n",
       "      <td>34271</td>\n",
       "      <td>49429</td>\n",
       "      <td>315544</td>\n",
       "      <td>8375</td>\n",
       "      <td>134287</td>\n",
       "      <td>93269</td>\n",
       "      <td>13456</td>\n",
       "      <td>7667</td>\n",
       "      <td>124554</td>\n",
       "      <td>11456</td>\n",
       "      <td>53108</td>\n",
       "      <td>59619</td>\n",
       "      <td>45840</td>\n",
       "      <td>40007</td>\n",
       "      <td>0</td>\n",
       "      <td>5407</td>\n",
       "      <td>9802</td>\n",
       "      <td>49752</td>\n",
       "    </tr>\n",
       "    <tr>\n",
       "      <th>丁守中</th>\n",
       "      <td>13787</td>\n",
       "      <td>2391</td>\n",
       "      <td>9849</td>\n",
       "      <td>1242</td>\n",
       "      <td>6759</td>\n",
       "      <td>649</td>\n",
       "      <td>1925</td>\n",
       "      <td>2110</td>\n",
       "      <td>9729</td>\n",
       "      <td>6627</td>\n",
       "      <td>1439</td>\n",
       "      <td>8789</td>\n",
       "      <td>2106</td>\n",
       "      <td>4102</td>\n",
       "      <td>794</td>\n",
       "      <td>895</td>\n",
       "      <td>5407</td>\n",
       "      <td>0</td>\n",
       "      <td>9220</td>\n",
       "      <td>944</td>\n",
       "    </tr>\n",
       "    <tr>\n",
       "      <th>蔣萬安</th>\n",
       "      <td>37663</td>\n",
       "      <td>5518</td>\n",
       "      <td>30105</td>\n",
       "      <td>2164</td>\n",
       "      <td>11917</td>\n",
       "      <td>617</td>\n",
       "      <td>3921</td>\n",
       "      <td>3634</td>\n",
       "      <td>26305</td>\n",
       "      <td>20336</td>\n",
       "      <td>3026</td>\n",
       "      <td>18901</td>\n",
       "      <td>2950</td>\n",
       "      <td>7894</td>\n",
       "      <td>1518</td>\n",
       "      <td>1960</td>\n",
       "      <td>9802</td>\n",
       "      <td>9220</td>\n",
       "      <td>0</td>\n",
       "      <td>1982</td>\n",
       "    </tr>\n",
       "    <tr>\n",
       "      <th>洪慈庸</th>\n",
       "      <td>4987</td>\n",
       "      <td>665</td>\n",
       "      <td>3417</td>\n",
       "      <td>14743</td>\n",
       "      <td>53880</td>\n",
       "      <td>3193</td>\n",
       "      <td>27116</td>\n",
       "      <td>22013</td>\n",
       "      <td>1880</td>\n",
       "      <td>1754</td>\n",
       "      <td>21954</td>\n",
       "      <td>1704</td>\n",
       "      <td>12004</td>\n",
       "      <td>12366</td>\n",
       "      <td>23188</td>\n",
       "      <td>20469</td>\n",
       "      <td>49752</td>\n",
       "      <td>944</td>\n",
       "      <td>1982</td>\n",
       "      <td>0</td>\n",
       "    </tr>\n",
       "  </tbody>\n",
       "</table>\n",
       "</div>"
      ],
      "text/plain": [
       "       朱立倫   盧秀燕    馬英九    陳其邁     柯文哲   姚文智     賴清德    林佳龍    蔡正元    江啟臣  \\\n",
       "朱立倫      0  7604  67228   5237   43386  1077   12674  13278  34203  26336   \n",
